000000	000000
000001	000000
000002	000000
000003	043555
000004	042329
000005	064805
000006	045269
000007	113142
000008	8137043
000009	972859
000010	038845
000011	024300
000012	187875
000013	295735
000014	012017
000015	005844
000016	007389
000017	002370
000018	002049
000019	001481
000020	000763
000021	000617
000022	000247
000023	000154
000024	000139
000025	000200
000026	000215
000027	000180
000028	000124
000029	000109
000030	000080
000031	000056
000032	000022
000033	000012
000034	000004
000035	000004
000036	000004
000037	000001
000038	000001
000039	000002
000040	000000
000041	000001
000042	000000
000043	000000
000044	000001
000045	000000
000046	000000
000047	000000
000048	000002
000049	000001
000050	000001
000051	000000
000052	000000
000053	000000
000054	000001
000055	000000
000056	000001
000057	000001
000058	000000
000059	000000
000060	000001
000061	000001
000062	000000
000063	000003
000064	000002
000065	000001
000066	000000
000067	000002
000068	000001
000069	000001
000070	000004
000071	000002
000072	000003
000073	000001
000074	000002
000075	000002
000076	000005
000077	000004
000078	000004
000079	000005
000080	000002
000081	000002
000082	000006
000083	000008
000084	000007
000085	000007
000086	000002
000087	000003
000088	000005
000089	000004
000090	000003
000091	000002
000092	000003
000093	000008
000094	000002
000095	000005
000096	000003
000097	000000
000098	000003
000099	000001
000100	000002
000101	000000
000102	000005
000103	000000
000104	000000
000105	000000
000106	000001
000107	000000
000108	000001
000109	000001
000110	000000
000111	000001
000112	000000
000113	000002
000114	000000
000115	000001
000116	000001
000117	000001
000118	000000
000119	000000
000120	000001
000121	000001
000122	000001
000123	000000
000124	000002
000125	000000
000126	000000
000127	000000
000128	000000
000129	000000
000130	000001
000131	000000
000132	000001
000133	000001
000134	000000
000135	000000
000136	000000
000137	000000
000138	000000
000139	000000
000140	000000
000141	000000
000142	000000
000143	000000
000144	000001
000145	000000
000146	000000
000147	000000
000148	000000
000149	000000
000150	000000
000151	000001
000152	000001
000153	000000
000154	000000
000155	000000
000156	000000
000157	000000
000158	000000
000159	000000
000160	000000
000161	000000
000162	000000
000163	000000
000164	000000
000165	000000
000166	000000
000167	000000
000168	000001
000169	000000
000170	000000
000171	000000
000172	000000
000173	000000
000174	000000
000175	000000
000176	000000
000177	000000
000178	000000
000179	000000
000180	000001
000181	000000
000182	000000
000183	000000
000184	000000
000185	000000
000186	000000
000187	000000
000188	000000
000189	000000
000190	000000
000191	000000
000192	000000
000193	000000
000194	000000
000195	000000
000196	000000
000197	000000
000198	000000
000199	000000
000200	000000
000201	000000
000202	000000
000203	000000
000204	000000
000205	000000
000206	000000
000207	000000
000208	000000
000209	000000
000210	000000
000211	000000
000212	000000
000213	000000
000214	000000
000215	000000
000216	000000
000217	000000
000218	000000
000219	000000
000220	000000
000221	000000
000222	000000
000223	000000
000224	000000
000225	000000
000226	000000
000227	000000
000228	000000
000229	000000
000230	000000
000231	000000
000232	000000
000233	000000
000234	000000
000235	000000
000236	000000
000237	000000
000238	000000
000239	000000
000240	000000
000241	000000
000242	000000
000243	000000
000244	000000
000245	000000
000246	000000
000247	000000
000248	000000
000249	000000
000250	000000
000251	000000
000252	000000
000253	000000
000254	000000
000255	000000
000256	000000
000257	000000
000258	000000
000259	000000
000260	000000
000261	000000
000262	000000
000263	000000
000264	000000
000265	000000
000266	000000
000267	000000
000268	000000
000269	000000
000270	000000
000271	000000
000272	000000
000273	000000
000274	000000
000275	000000
000276	000000
000277	000000
000278	000000
000279	000000
000280	000000
000281	000000
000282	000000
000283	000000
000284	000000
000285	000000
000286	000000
000287	000000
000288	000000
000289	000000
000290	000000
000291	000000
000292	000000
000293	000000
000294	000000
000295	000000
000296	000000
000297	000000
000298	000000
000299	000000
000300	000000
000301	000000
000302	000000
000303	000000
000304	000000
000305	000000
000306	000000
000307	000000
000308	000000
000309	000000
000310	000000
000311	000000
000312	000000
000313	000000
000314	000000
000315	000000
000316	000000
000317	000000
000318	000000
000319	000000
000320	000000
000321	000000
000322	000000
000323	000000
000324	000000
000325	000000
000326	000000
000327	000000
000328	000000
000329	000000
000330	000000
000331	000000
000332	000000
000333	000000
000334	000000
000335	000000
000336	000000
000337	000000
000338	000000
000339	000000
000340	000000
000341	000000
000342	000000
000343	000000
000344	000000
000345	000000
000346	000000
000347	000000
000348	000000
000349	000000
000350	000000
000351	000000
000352	000000
000353	000000
000354	000000
000355	000000
000356	000000
000357	000000
000358	000000
000359	000000
000360	000000
000361	000000
000362	000000
000363	000000
000364	000000
000365	000000
000366	000000
000367	000000
000368	000000
000369	000000
000370	000000
000371	000000
000372	000000
000373	000000
000374	000000
000375	000000
000376	000000
000377	000000
000378	000000
000379	000000
000380	000000
000381	000000
000382	000000
000383	000000
000384	000000
000385	000000
000386	000000
000387	000000
000388	000000
000389	000000
000390	000000
000391	000000
000392	000000
000393	000000
000394	000000
000395	000000
000396	000000
000397	000000
000398	000000
000399	000000
