# /dev/cpu_dma_latency set to 0us
# Histogram
000000 000000	000000	000000	000000	000000	000000	000000	000000
000001 000000	000000	000000	000000	000000	000000	000000	000000
000002 000000	000000	000000	000000	000000	000000	000000	000000
000003 093014	111853	095413	099511	100065	118377	056835	067741
000004 069760	089089	079863	083067	078776	076429	078413	083622
000005 061587	066768	074909	079078	079026	072175	102911	087685
000006 051988	040393	051634	041601	043857	038376	055566	044561
000007 059294	103209	088701	060720	101006	1062181	147946	426997
000008 4831702	5914030	5703043	5889077	6105179	6476908	6165885	7003855
000009 2295630	3144334	3327151	3089218	2767882	1375352	2143221	1583671
000010 134341	041204	069758	157872	054269	100890	253154	041579
000011 137980	004346	018274	012214	028449	042000	182613	009216
000012 947263	200603	190765	169374	215061	241946	352956	237186
000013 820759	207439	202510	206191	204875	205809	265092	195257
000014 152078	070410	088720	096381	064932	066326	092299	039430
000015 026722	002433	002900	004686	016732	036731	046085	017172
000016 063468	001548	002363	000827	035754	035541	020504	016909
000017 081183	000795	001444	000699	035278	018709	010093	007356
000018 103133	000461	000887	000791	032290	016112	008842	108626
000019 020733	000313	000446	000644	023026	005275	008068	018811
000020 006102	000237	000323	000346	002415	003026	002379	002215
000021 010698	000224	000269	000278	003074	002506	001374	001307
000022 016898	000099	000205	000378	003269	002322	001680	001973
000023 006799	000057	000154	001137	002962	002152	002572	004342
000024 001169	000046	000107	000588	001052	000326	000739	000342
000025 001632	000020	000032	000426	000134	000091	000225	000043
000026 002420	000012	000024	000298	000090	000081	000224	000011
000027 001668	000011	000022	000251	000059	000053	000124	000019
000028 000692	000007	000022	000313	000040	000042	000052	000016
000029 000155	000002	000010	000937	000025	000032	000031	000024
000030 000063	000005	000005	000925	000022	000034	000018	000007
000031 000027	000011	000005	000496	000018	000011	000020	000004
000032 000012	000011	000004	000147	000010	000010	000015	000001
000033 000013	000005	000002	000156	000013	000015	000015	000003
000034 000007	000001	000003	000151	000009	000012	000008	000000
000035 000006	000005	000000	000143	000006	000012	000004	000002
000036 000003	000000	000002	000092	000007	000006	000003	000001
000037 000006	000000	000000	000076	000003	000009	000004	000001
000038 000003	000001	000001	000075	000005	000004	000002	000001
000039 000008	000001	000001	000054	000009	000006	000001	000000
000040 000004	000000	000000	000045	000008	000002	000003	000001
000041 000008	000002	000000	000030	000010	000006	000003	000000
000042 000007	000000	000003	000038	000004	000001	000001	000001
000043 000005	000000	000002	000021	000010	000009	000000	000001
000044 000004	000000	000001	000020	000004	000001	000002	000000
000045 000007	000000	000000	000017	000008	000004	000000	000001
000046 000011	000000	000000	000026	000012	000003	000000	000000
000047 000062	000001	000000	000035	000008	000001	000001	000000
000048 000114	000000	000001	000031	000009	000003	000000	000001
000049 000209	000000	000001	000019	000007	000003	000001	000000
000050 000185	000000	000000	000018	000010	000003	000001	000002
000051 000169	000000	000000	000019	000010	000003	000000	000000
000052 000095	000000	000001	000009	000012	000003	000000	000000
000053 000036	000001	000000	000028	000007	000002	000000	000000
000054 000021	000000	000000	000019	000006	000004	000000	000001
000055 000005	000000	000000	000023	000017	000000	000000	000000
000056 000004	000000	000000	000018	000002	000003	000000	000000
000057 000004	000000	000001	000029	000011	000000	000000	000000
000058 000003	000003	000003	000011	000009	000001	000000	000000
000059 000010	000000	000000	000022	000008	000000	000000	000000
000060 000005	000000	000000	000015	000006	000000	000000	000000
000061 000006	000000	000000	000019	000009	000001	000000	000001
000062 000005	000001	000000	000010	000012	000002	000000	000000
000063 000004	000000	000000	000016	000009	000000	000000	000000
000064 000000	000000	000000	000013	000008	000001	000000	000000
000065 000001	000000	000000	000006	000001	000000	000001	000000
000066 000000	000000	000000	000008	000003	000001	000000	000001
000067 000000	000000	000001	000016	000005	000000	000000	000000
000068 000000	000003	000000	000013	000008	000000	000000	000000
000069 000000	000000	000002	000009	000005	000001	000001	000000
000070 000000	000000	000000	000008	000004	000001	000001	000000
000071 000000	000000	000000	000016	000009	000001	000001	000000
000072 000000	000000	000000	000018	000006	000000	000000	000000
000073 000000	000001	000000	000015	000004	000001	000000	000000
000074 000000	000000	000000	000020	000008	000000	000002	000000
000075 000000	000001	000000	000024	000005	000000	000000	000000
000076 000000	000000	000000	000016	000001	000001	000000	000000
000077 000000	000000	000001	000010	000003	000000	000000	000000
000078 000000	000000	000000	000005	000005	000004	000000	000000
000079 000000	000000	000000	000005	000001	000003	000000	000000
000080 000000	000001	000000	000002	000002	000002	000000	000000
000081 000000	000000	000000	000008	000003	000000	000001	000000
000082 000000	000000	000001	000002	000001	000000	000000	000000
000083 000000	000000	000000	000006	000000	000002	000000	000000
000084 000000	000000	000000	000001	000001	000001	000000	000001
000085 000000	000001	000001	000002	000003	000001	000001	000000
000086 000000	000000	000000	000001	000001	000000	000001	000000
000087 000000	000000	000000	000002	000003	000000	000000	000000
000088 000000	000000	000000	000000	000000	000000	000000	000000
000089 000000	000000	000000	000002	000002	000000	000000	000000
000090 000000	000000	000000	000000	000002	000000	000000	000000
000091 000000	000000	000000	000000	000001	000001	000000	000000
000092 000000	000001	000000	000001	000003	000000	000000	000000
000093 000000	000001	000001	000000	000000	000000	000000	000000
000094 000000	000000	000000	000000	000000	000002	000000	000000
000095 000000	000000	000000	000002	000002	000000	000000	000000
000096 000000	000000	000000	000000	000001	000002	000000	000000
000097 000000	000000	000001	000000	000001	000002	000000	000001
000098 000000	000000	000000	000000	000000	000000	000000	000000
000099 000000	000000	000000	000000	000000	000000	000001	000000
000100 000000	000000	000000	000000	000000	000001	000000	000000
000101 000000	000000	000000	000000	000001	000000	000000	000000
000102 000000	000000	000000	000001	000000	000001	000000	000000
000103 000000	000000	000000	000000	000000	000000	000001	000000
000104 000000	000000	000000	000000	000001	000001	000000	000000
000105 000000	000000	000000	000000	000000	000001	000000	000000
000106 000000	000000	000000	000000	000000	000001	000000	000000
000107 000000	000000	000000	000000	000000	000000	000000	000000
000108 000000	000000	000000	000001	000002	000000	000000	000000
000109 000000	000000	000000	000000	000000	000001	000000	000000
000110 000000	000000	000001	000000	000001	000001	000000	000000
000111 000000	000000	000000	000000	000000	000000	000000	000000
000112 000000	000000	000000	000001	000000	000000	000000	000000
000113 000000	000000	000000	000001	000000	000000	000000	000000
000114 000000	000000	000000	000001	000000	000000	000000	000000
000115 000000	000000	000000	000000	000000	000000	000002	000000
000116 000000	000000	000000	000000	000000	000001	000000	000000
000117 000000	000000	000000	000000	000000	000000	000000	000001
000118 000000	000000	000000	000000	000000	000000	000000	000000
000119 000000	000000	000000	000000	000000	000000	000000	000000
000120 000000	000000	000000	000000	000000	000000	000000	000000
000121 000000	000000	000000	000000	000000	000000	000000	000000
000122 000000	000000	000000	000001	000000	000000	000000	000000
000123 000000	000000	000000	000000	000000	000000	000000	000000
000124 000000	000000	000000	000001	000000	000000	000000	000000
000125 000000	000000	000000	000000	000000	000000	000000	000000
000126 000000	000000	000000	000000	000000	000000	000000	000000
000127 000000	000000	000000	000000	000000	000001	000000	000000
000128 000000	000000	000000	000000	000000	000000	000000	000000
000129 000000	000000	000001	000001	000000	000000	000000	000000
000130 000000	000000	000000	000000	000000	000000	000000	000000
000131 000000	000000	000001	000001	000000	000000	000000	000001
000132 000000	000000	000000	000000	000000	000000	000000	000000
000133 000000	000000	000000	000000	000000	000000	000000	000000
000134 000000	000000	000000	000000	000000	000001	000001	000000
000135 000000	000000	000000	000000	000000	000000	000000	000000
000136 000000	000000	000000	000000	000001	000000	000000	000000
000137 000000	000000	000000	000000	000000	000000	000000	000000
000138 000000	000000	000000	000000	000000	000000	000000	000000
000139 000000	000000	000000	000000	000000	000000	000000	000000
000140 000000	000000	000000	000000	000000	000000	000000	000000
000141 000000	000000	000000	000000	000000	000000	000000	000000
000142 000000	000000	000000	000000	000000	000001	000000	000000
000143 000000	000000	000000	000000	000000	000001	000000	000000
000144 000000	000000	000000	000000	000000	000000	000000	000000
000145 000000	000000	000000	000000	000002	000000	000000	000000
000146 000000	000000	000001	000000	000000	000000	000000	000000
000147 000000	000000	000000	000000	000000	000000	000000	000000
000148 000000	000000	000000	000001	000000	000000	000000	000000
000149 000000	000000	000000	000000	000000	000000	000000	000000
000150 000000	000000	000000	000000	000000	000001	000000	000000
000151 000000	000000	000000	000000	000000	000000	000000	000000
000152 000000	000000	000000	000000	000000	000001	000000	000000
000153 000000	000000	000000	000000	000000	000000	000000	000000
000154 000000	000000	000000	000000	000000	000000	000000	000000
000155 000000	000000	000000	000001	000000	000000	000000	000000
000156 000000	000000	000000	000000	000000	000000	000000	000000
000157 000000	000000	000000	000000	000000	000000	000000	000000
000158 000000	000000	000000	000000	000000	000001	000000	000000
000159 000000	000000	000000	000000	000000	000000	000000	000000
000160 000000	000000	000000	000000	000000	000001	000000	000000
000161 000000	000000	000000	000000	000000	000000	000000	000000
000162 000000	000000	000000	000000	000000	000000	000000	000000
000163 000000	000000	000000	000000	000000	000000	000000	000000
000164 000000	000000	000000	000000	000000	000000	000000	000000
000165 000000	000000	000000	000000	000000	000000	000000	000000
000166 000000	000000	000000	000000	000001	000000	000000	000000
000167 000000	000000	000000	000000	000001	000000	000000	000000
000168 000000	000000	000000	000000	000000	000000	000000	000000
000169 000000	000000	000000	000000	000000	000000	000000	000000
000170 000000	000000	000000	000000	000000	000001	000000	000000
000171 000000	000000	000000	000001	000000	000000	000000	000000
000172 000000	000000	000000	000000	000000	000000	000000	000000
000173 000000	000000	000000	000000	000001	000000	000000	000000
000174 000000	000000	000000	000000	000000	000000	000000	000000
000175 000000	000000	000000	000000	000000	000000	000000	000000
000176 000000	000000	000000	000000	000000	000000	000000	000000
000177 000000	000000	000000	000000	000000	000000	000000	000000
000178 000000	000000	000000	000000	000000	000000	000000	000000
000179 000000	000000	000000	000000	000000	000002	000000	000000
000180 000000	000000	000000	000000	000000	000000	000000	000000
000181 000000	000000	000000	000000	000000	000001	000000	000000
000182 000000	000000	000000	000000	000000	000000	000000	000000
000183 000000	000000	000000	000000	000000	000000	000000	000000
000184 000000	000000	000000	000000	000000	000000	000000	000000
000185 000000	000000	000000	000000	000000	000001	000000	000000
000186 000000	000000	000000	000000	000000	000000	000000	000000
000187 000000	000000	000000	000000	000000	000000	000000	000000
000188 000000	000000	000000	000000	000000	000000	000000	000000
000189 000000	000000	000000	000000	000000	000000	000000	000000
000190 000000	000000	000000	000000	000000	000000	000000	000000
000191 000000	000000	000000	000000	000000	000000	000000	000000
000192 000000	000000	000000	000000	000000	000000	000000	000000
000193 000000	000000	000000	000000	000000	000000	000000	000000
000194 000000	000000	000000	000000	000000	000001	000000	000000
000195 000000	000000	000000	000000	000000	000000	000000	000000
000196 000000	000000	000000	000000	000000	000000	000000	000000
000197 000000	000000	000000	000000	000000	000000	000000	000000
000198 000000	000000	000000	000000	000000	000000	000000	000000
000199 000000	000000	000000	000000	000000	000000	000000	000000
000200 000000	000000	000000	000001	000000	000001	000000	000000
000201 000000	000000	000000	000000	000000	000000	000000	000000
000202 000000	000000	000000	000000	000000	000000	000000	000000
000203 000000	000000	000000	000000	000000	000000	000000	000000
000204 000000	000000	000000	000000	000000	000000	000000	000000
000205 000000	000000	000000	000000	000000	000000	000000	000000
000206 000000	000000	000000	000000	000000	000000	000000	000000
000207 000000	000000	000000	000000	000000	000000	000000	000000
000208 000000	000000	000000	000000	000000	000000	000000	000000
000209 000000	000000	000000	000000	000000	000001	000000	000000
000210 000000	000000	000000	000000	000000	000000	000000	000000
000211 000000	000000	000000	000000	000000	000001	000000	000000
000212 000000	000000	000000	000000	000000	000000	000000	000000
000213 000000	000000	000000	000000	000000	000000	000000	000000
000214 000000	000000	000000	000000	000000	000000	000000	000000
000215 000000	000000	000000	000000	000000	000000	000000	000000
000216 000000	000000	000000	000000	000000	000000	000000	000000
000217 000000	000000	000000	000000	000000	000000	000000	000000
000218 000000	000000	000000	000000	000000	000000	000000	000000
000219 000000	000000	000000	000000	000000	000000	000000	000000
000220 000000	000000	000000	000000	000000	000000	000000	000000
000221 000000	000000	000000	000000	000000	000000	000000	000000
000222 000000	000000	000000	000000	000000	000000	000000	000000
000223 000000	000000	000000	000000	000000	000000	000000	000000
000224 000000	000000	000000	000000	000000	000000	000000	000000
000225 000000	000000	000000	000000	000000	000000	000000	000000
000226 000000	000000	000000	000000	000000	000000	000000	000000
000227 000000	000000	000000	000000	000000	000000	000000	000000
000228 000000	000000	000000	000000	000000	000000	000000	000000
000229 000000	000000	000000	000000	000000	000000	000000	000000
000230 000000	000000	000000	000000	000000	000000	000000	000000
000231 000000	000000	000000	000000	000000	000000	000000	000000
000232 000000	000000	000000	000000	000000	000000	000000	000000
000233 000000	000000	000000	000000	000000	000000	000000	000000
000234 000000	000000	000000	000000	000000	000001	000000	000000
000235 000000	000000	000000	000000	000000	000000	000000	000000
000236 000000	000000	000000	000000	000000	000000	000000	000000
000237 000000	000000	000000	000000	000000	000000	000000	000000
000238 000000	000000	000000	000000	000000	000000	000000	000000
000239 000000	000000	000000	000000	000000	000000	000000	000000
000240 000000	000000	000000	000000	000000	000000	000000	000000
000241 000000	000000	000000	000000	000000	000000	000000	000000
000242 000000	000000	000000	000000	000000	000000	000000	000000
000243 000000	000000	000000	000000	000000	000000	000000	000000
000244 000000	000000	000000	000000	000000	000000	000000	000000
000245 000000	000000	000000	000000	000000	000000	000000	000000
000246 000000	000000	000000	000000	000000	000000	000000	000000
000247 000000	000000	000000	000000	000000	000000	000000	000000
000248 000000	000000	000000	000000	000000	000000	000000	000000
000249 000000	000000	000000	000000	000000	000000	000000	000000
000250 000000	000000	000000	000000	000000	000000	000000	000000
000251 000000	000000	000000	000000	000000	000001	000000	000000
000252 000000	000000	000000	000000	000000	000000	000000	000000
000253 000000	000000	000000	000000	000000	000000	000000	000000
000254 000000	000000	000000	000000	000000	000000	000000	000000
000255 000000	000000	000000	000000	000000	000000	000000	000000
000256 000000	000000	000000	000000	000000	000000	000000	000000
000257 000000	000000	000000	000000	000000	000000	000000	000000
000258 000000	000000	000000	000000	000000	000000	000000	000000
000259 000000	000000	000000	000000	000000	000000	000000	000000
000260 000000	000000	000000	000000	000000	000001	000000	000000
000261 000000	000000	000000	000000	000000	000000	000000	000000
000262 000000	000000	000000	000000	000000	000000	000000	000000
000263 000000	000000	000000	000000	000000	000000	000000	000000
000264 000000	000000	000000	000000	000000	000000	000000	000000
000265 000000	000000	000000	000000	000000	000000	000000	000000
000266 000000	000000	000000	000000	000000	000000	000000	000000
000267 000000	000000	000000	000000	000000	000000	000000	000000
000268 000000	000000	000000	000000	000000	000000	000000	000000
000269 000000	000000	000000	000000	000000	000000	000000	000000
000270 000000	000000	000000	000000	000000	000000	000000	000000
000271 000000	000000	000000	000000	000000	000000	000000	000000
000272 000000	000000	000000	000000	000000	000000	000000	000000
000273 000000	000000	000000	000000	000000	000000	000000	000000
000274 000000	000000	000000	000000	000000	000000	000000	000000
000275 000000	000000	000000	000000	000000	000000	000000	000000
000276 000000	000000	000000	000000	000000	000000	000000	000000
000277 000000	000000	000000	000000	000000	000000	000000	000000
000278 000000	000000	000000	000000	000000	000000	000000	000000
000279 000000	000000	000000	000000	000000	000000	000000	000000
000280 000000	000000	000000	000000	000000	000000	000000	000000
000281 000000	000000	000000	000000	000000	000000	000000	000000
000282 000000	000000	000000	000000	000000	000000	000000	000000
000283 000000	000000	000000	000000	000000	000000	000000	000000
000284 000000	000000	000000	000000	000000	000000	000000	000000
000285 000000	000000	000000	000000	000000	000000	000000	000000
000286 000000	000000	000000	000000	000000	000000	000000	000000
000287 000000	000000	000000	000000	000000	000000	000000	000000
000288 000000	000000	000000	000000	000000	000000	000000	000000
000289 000000	000000	000000	000000	000000	000000	000000	000000
000290 000000	000000	000000	000000	000000	000000	000000	000000
000291 000000	000000	000000	000000	000000	000000	000000	000000
000292 000000	000000	000000	000000	000000	000000	000000	000000
000293 000000	000000	000000	000000	000000	000000	000000	000000
000294 000000	000000	000000	000000	000000	000000	000000	000000
000295 000000	000000	000000	000000	000000	000000	000000	000000
000296 000000	000000	000000	000000	000000	000000	000000	000000
000297 000000	000000	000000	000000	000000	000001	000000	000000
000298 000000	000000	000000	000000	000000	000000	000000	000000
000299 000000	000000	000000	000000	000000	000000	000000	000000
000300 000000	000000	000000	000000	000000	000000	000000	000000
000301 000000	000000	000000	000000	000000	000000	000000	000000
000302 000000	000000	000000	000000	000000	000000	000000	000000
000303 000000	000000	000000	000000	000000	000000	000000	000000
000304 000000	000000	000000	000000	000000	000000	000000	000000
000305 000000	000000	000000	000000	000000	000000	000000	000000
000306 000000	000000	000000	000000	000000	000000	000000	000000
000307 000000	000000	000000	000000	000000	000000	000000	000000
000308 000000	000000	000000	000000	000000	000000	000000	000000
000309 000000	000000	000000	000000	000000	000000	000000	000000
000310 000000	000000	000000	000000	000000	000000	000000	000000
000311 000000	000000	000000	000000	000000	000000	000000	000000
000312 000000	000000	000000	000000	000000	000000	000000	000000
000313 000000	000000	000000	000000	000000	000000	000000	000000
000314 000000	000000	000000	000000	000000	000000	000000	000000
000315 000000	000000	000000	000000	000000	000000	000000	000000
000316 000000	000000	000000	000000	000000	000000	000000	000000
000317 000000	000000	000000	000000	000000	000000	000000	000000
000318 000000	000000	000000	000000	000000	000000	000000	000000
000319 000000	000000	000000	000000	000000	000001	000000	000000
000320 000000	000000	000000	000000	000000	000000	000000	000000
000321 000000	000000	000000	000000	000000	000000	000000	000000
000322 000000	000000	000000	000000	000000	000000	000000	000000
000323 000000	000000	000000	000000	000000	000000	000000	000000
000324 000000	000000	000000	000000	000000	000000	000000	000000
000325 000000	000000	000000	000000	000000	000000	000000	000000
000326 000000	000000	000000	000000	000000	000000	000000	000000
000327 000000	000000	000000	000000	000000	000000	000000	000000
000328 000000	000000	000000	000000	000000	000000	000000	000000
000329 000000	000000	000000	000000	000000	000000	000000	000000
000330 000000	000000	000000	000000	000000	000000	000000	000000
000331 000000	000000	000000	000000	000000	000000	000000	000000
000332 000000	000000	000000	000000	000000	000000	000000	000000
000333 000000	000000	000000	000000	000000	000000	000000	000000
000334 000000	000000	000000	000000	000000	000000	000000	000000
000335 000000	000000	000000	000000	000000	000000	000000	000000
000336 000000	000000	000000	000000	000000	000000	000000	000000
000337 000000	000000	000000	000000	000000	000000	000000	000000
000338 000000	000000	000000	000000	000000	000000	000000	000000
000339 000000	000000	000000	000000	000000	000000	000000	000000
000340 000000	000000	000000	000000	000000	000000	000000	000000
000341 000000	000000	000000	000000	000000	000000	000000	000000
000342 000000	000000	000000	000000	000000	000000	000000	000000
000343 000000	000000	000000	000000	000000	000000	000000	000000
000344 000000	000000	000000	000000	000000	000000	000000	000000
000345 000000	000000	000000	000000	000000	000000	000000	000000
000346 000000	000000	000000	000000	000000	000000	000000	000000
000347 000000	000000	000001	000000	000000	000000	000000	000000
000348 000000	000000	000000	000000	000000	000000	000000	000000
000349 000000	000000	000000	000000	000000	000000	000000	000000
000350 000000	000000	000000	000000	000000	000000	000000	000000
000351 000000	000000	000000	000000	000000	000000	000000	000000
000352 000000	000000	000000	000000	000000	000000	000000	000000
000353 000000	000000	000000	000000	000000	000000	000000	000000
000354 000000	000000	000000	000000	000000	000000	000000	000000
000355 000000	000000	000000	000000	000000	000000	000000	000000
000356 000000	000000	000000	000000	000000	000000	000000	000000
000357 000000	000000	000000	000000	000000	000000	000000	000000
000358 000000	000000	000000	000000	000000	000000	000000	000000
000359 000000	000000	000000	000000	000000	000000	000000	000000
000360 000000	000000	000000	000000	000000	000000	000000	000000
000361 000000	000000	000000	000000	000000	000000	000000	000000
000362 000000	000000	000000	000000	000000	000000	000000	000000
000363 000000	000000	000000	000000	000000	000000	000000	000000
000364 000000	000000	000000	000000	000000	000000	000000	000000
000365 000000	000000	000000	000000	000000	000000	000000	000000
000366 000000	000000	000000	000000	000000	000000	000000	000000
000367 000000	000000	000000	000000	000000	000000	000000	000000
000368 000000	000000	000000	000000	000000	000000	000000	000000
000369 000000	000000	000000	000000	000000	000000	000000	000000
000370 000000	000000	000000	000000	000000	000000	000000	000000
000371 000000	000000	000000	000000	000000	000000	000000	000000
000372 000000	000000	000000	000000	000000	000000	000000	000000
000373 000000	000000	000000	000000	000000	000000	000000	000000
000374 000000	000000	000000	000000	000000	000000	000000	000000
000375 000000	000000	000000	000000	000000	000000	000000	000000
000376 000000	000000	000000	000000	000000	000000	000000	000000
000377 000000	000000	000000	000000	000000	000000	000000	000000
000378 000000	000000	000000	000000	000000	000000	000000	000000
000379 000000	000000	000000	000000	000000	000001	000000	000000
000380 000000	000000	000000	000000	000000	000000	000000	000000
000381 000000	000000	000000	000000	000000	000000	000000	000000
000382 000000	000000	000000	000000	000000	000000	000000	000000
000383 000000	000000	000000	000000	000000	000000	000000	000000
000384 000000	000000	000000	000000	000000	000000	000000	000000
000385 000000	000000	000000	000000	000000	000000	000000	000000
000386 000000	000000	000000	000000	000000	000000	000000	000000
000387 000000	000000	000000	000000	000000	000000	000000	000000
000388 000000	000000	000000	000000	000000	000000	000000	000000
000389 000000	000000	000000	000000	000000	000000	000000	000000
000390 000000	000000	000000	000000	000000	000000	000000	000000
000391 000000	000000	000000	000000	000000	000000	000000	000000
000392 000000	000000	000000	000000	000000	000000	000000	000000
000393 000000	000000	000000	000000	000000	000000	000000	000000
000394 000000	000000	000000	000000	000000	000000	000000	000000
000395 000000	000000	000000	000000	000000	000000	000000	000000
000396 000000	000000	000000	000000	000000	000000	000000	000000
000397 000000	000000	000000	000000	000000	000000	000000	000000
000398 000000	000000	000000	000000	000000	000000	000001	000000
000399 000000	000000	000000	000000	000000	000000	000000	000000
# Total: 010000000 010000000 009999998 010000000 010000000 010000000 010000000 010000000
# Min Latencies: 00003 00003 00003 00003 00003 00003 00003 00003
# Avg Latencies: 00009 00008 00008 00008 00008 00008 00008 00008
# Max Latencies: 00065 00093 00872 00200 00173 00379 00398 00131
# Histogram Overflows: 00000 00000 00002 00000 00000 00000 00000 00000
# Histogram Overflow at cycle number:
# Thread 0:
# Thread 1:
# Thread 2: 4703245 4703246
# Thread 3:
# Thread 4:
# Thread 5:
# Thread 6:
# Thread 7:

